# Wed 15:25:10 27-Apr-2016
begin	identify ArCalib01[*,255]
	id	ArCalib01
	task	identify
	image	ArCalib01[*,255]
	units	Angstroms
	features	16
	         27.33 6717.55349  6717.0428   4.0 1 1 NeI
	         36.75 6676.92898     6678.2   4.0 1 1 blend HeI 6678.149 with NeI 6678.2764
	         54.64 6599.77802  6598.9529   4.0 1 1 NeI(6)
	         76.25 6506.68145  6506.5279   4.0 1 1 NeI(3)
	        100.51 6402.16647   6402.246   4.0 1 1 NeI(1)
	        116.26 6334.36911  6334.4279   4.0 1 1 NeI(1)
	        131.96 6266.80031   6266.495   4.0 1 1 NeI(5)
	        143.52  6217.0537  6217.2813   4.0 1 1 NeI(1)
	        160.74 6142.97372  6143.0623   4.0 1 1 NeI(1)
	        171.65 6096.04764   6096.163   4.0 1 1 NeI
	        187.03 6029.88026  6029.9971   4.0 1 1 NeI(3)
	        199.66 5975.53779    5975.53   4.0 1 1 
	        206.85 5944.61223  5944.8342   4.0 1 1 NeI(1)
	        222.89 5875.61879   5875.618   4.0 1 1 HeI
	        228.17 5852.87796  5852.4878   4.0 1 1 NeI(6)
	        422.25 5015.66131   5015.675   4.0 1 1 HeI
	function spline3
	order 1
	sample *
	naverage 1
	niterate 0
	low_reject 3.
	high_reject 3.
	grow 0.
	coefficients	8
		3.
		1.
		1.
		765.
		1694.838949394876
		1135.405734233909
		594.7784245878486
		-5.193825793339776

