# Wed 15:20:32 27-Apr-2016
begin	identify NeCalib01[*,255]
	id	NeCalib01
	task	identify
	image	NeCalib01[*,255]
	units	Angstroms
	features	15
	         27.33 6717.10747  6717.0428   4.0 1 1 NeI
	         36.33 6678.15068     6678.2   4.0 1 1 blend HeI 6678.149 with NeI 6678.2764
	         54.64 6599.13293  6598.9529   4.0 1 1 NeI(6)
	         76.25 6506.18737  6506.5279   4.0 1 1 NeI(3)
	        100.51 6402.00266   6402.246   4.0 1 1 NeI(1)
	        116.26 6334.43225  6334.4279   4.0 1 1 NeI(1)
	        131.96 6267.04407   6266.495   4.0 1 1 NeI(5)
	        143.52   6217.374  6217.2813   4.0 1 1 NeI(1)
	        160.74 6143.27477  6143.0623   4.0 1 1 NeI(1)
	        171.65 6096.22945   6096.163   4.0 1 1 NeI
	        187.03 6029.71733  6029.9971   4.0 1 1 NeI(3)
	        199.66 5974.90941    5975.53   4.0 1 1 
	        206.85 5943.63544  5944.8342   4.0 1 1 NeI(1)
	        221.61  5879.2074   5875.618   4.0 1 1 HeI
	        228.17 5850.46098  5852.4878   4.0 1 1 NeI(6)
	function spline3
	order 1
	sample *
	naverage 1
	niterate 0
	low_reject 3.
	high_reject 3.
	grow 0.
	coefficients	8
		3.
		1.
		1.
		765.
		1739.952780574022
		1115.84692108068
		628.2725933293205
		-700.5323172301032

