3230.988376033  20741.04
3235.70062299952  20766.84
3240.41286996603  20625.59
3245.12511693254  20511.
3249.83736389905  20475.92
3254.54961086557  20459.3
3259.26185783208  20545.58
3263.97410479859  20593.46
3268.6863517651  20646.94
3273.39859873162  20697.48
3278.11084569813  20676.77
3282.82309266464  20590.92
3287.53533963115  20549.34
3292.24758659767  20607.42
3296.95983356418  20666.38
3301.67208053069  20713.18
3306.3843274972  20750.36
3311.09657446372  20756.25
3315.80882143023  20830.08
3320.52106839674  20834.33
3325.23331536325  20792.49
3329.94556232977  20843.98
3334.65780929628  20948.06
3339.37005626279  20937.18
3344.0823032293  20887.74
3348.79455019582  20952.14
3353.50679716233  21112.04
3358.21904412884  21071.2
3362.93129109535  20955.56
3367.64353806187  21033.97
3372.35578502838  20996.8
3377.06803199489  21066.12
3381.7802789614  21134.46
3386.49252592792  21115.92
3391.20477289443  21089.15
3395.91701986094  21097.75
3400.62926682745  21156.5
3405.34151379397  21291.57
3410.05376076048  21254.57
3414.76600772699  21176.31
3419.4782546935  21271.01
3424.19050166002  21376.62
3428.90274862653  21296.39
3433.61499559304  21285.19
3438.32724255955  21413.2
3443.03948952607  21430.77
3447.75173649258  21347.2
3452.46398345909  21330.4
3457.1762304256  21368.62
3461.88847739212  21341.84
3466.60072435863  21446.89
3471.31297132514  21518.97
3476.02521829165  21560.83
3480.73746525817  21606.77
3485.44971222468  21619.73
3490.16195919119  21654.09
3494.8742061577  21642.28
3499.58645312422  21601.85
3504.29870009073  21581.21
3509.01094705724  21680.99
3513.72319402375  21805.16
3518.43544099027  21798.04
3523.14768795678  21769.15
3527.85993492329  21787.78
3532.5721818898  21777.57
3537.28442885632  21781.
3541.99667582283  21853.12
3546.70892278934  21949.89
3551.42116975585  22038.81
3556.13341672237  22058.41
3560.84566368888  22122.06
3565.55791065539  22079.18
3570.2701576219  22071.33
3574.98240458842  22121.88
3579.69465155493  22157.64
3584.40689852144  22161.77
3589.11914548795  22086.98
3593.83139245447  21988.78
3598.54363942098  22213.49
3603.25588638749  22239.03
3607.96813335401  22175.47
3612.68038032052  22256.84
3617.39262728703  22307.04
3622.10487425354  22431.08
3626.81712122006  22520.08
3631.52936818657  22428.95
3636.24161515308  22276.76
3640.95386211959  22361.41
3645.6661090861  22476.46
3650.37835605262  22387.92
3655.09060301913  22426.14
3659.80284998564  22658.01
3664.51509695215  22712.63
3669.22734391867  22648.29
3673.93959088518  22676.47
3678.65183785169  22666.94
3683.3640848182  22664.84
3688.07633178472  22816.82
3692.78857875123  22874.26
3697.50082571774  22792.49
3702.21307268425  22886.62
3706.92531965077  22952.72
3711.63756661728  22930.66
3716.34981358379  23016.38
3721.06206055031  23028.89
3725.77430751682  22916.54
3730.48655448333  23030.58
3735.19880144984  23000.83
3739.91104841636  23096.74
3744.62329538287  23182.75
3749.33554234938  23085.82
3754.04778931589  23029.77
3758.7600362824  23132.96
3763.47228324892  23233.11
3768.18453021543  23280.14
3772.89677718194  23381.25
3777.60902414846  23464.64
3782.32127111497  23387.37
3787.03351808148  23248.
3791.74576504799  23308.75
3796.45801201451  23344.33
3801.17025898102  23319.59
3805.88250594753  23471.82
3810.59475291404  23532.54
3815.30699988056  23508.87
3820.01924684707  23621.12
3824.73149381358  23719.5
3829.44374078009  23632.14
3834.15598774661  23661.71
3838.86823471312  23809.49
3843.58048167963  23813.77
3848.29272864614  23797.02
3853.00497561266  23873.26
3857.71722257917  23855.56
3862.42946954568  23850.54
3867.14171651219  23932.71
3871.85396347871  23928.36
3876.56621044522  24039.63
3881.27845741173  24188.77
3885.99070437824  24209.47
3890.70295134476  24175.72
3895.41519831127  24101.17
3900.12744527778  24162.8
3904.83969224429  24232.61
3909.55193921081  24384.77
3914.26418617732  24361.67
3918.97643314383  24182.25
3923.68868011034  24179.54
3928.40092707686  24272.54
3933.11317404337  24297.54
3937.82542100988  24366.12
3942.53766797639  24403.94
3947.24991494291  24364.24
3951.96216190942  24449.93
3956.67440887593  24501.73
3961.38665584244  24567.01
3966.09890280896  24601.71
3970.81114977547  24546.
3975.52339674198  24582.59
3980.23564370849  24594.42
3984.94789067501  24524.12
3989.66013764152  24682.99
3994.37238460803  24779.47
3999.08463157454  24746.74
4003.79687854106  24806.38
4008.50912550757  24914.7
4013.22137247408  24952.14
4017.93361944059  25023.66
4022.64586640711  25037.23
4027.35811337362  25136.73
4032.07036034013  25238.07
4036.78260730664  25235.04
4041.49485427316  25271.78
4046.20710123967  25109.7
4050.91934820618  25254.18
4055.63159517269  25285.36
4060.34384213921  25448.58
4065.05608910572  25315.78
4069.76833607223  25338.16
4074.48058303874  25347.19
4079.19283000526  25389.16
4083.90507697177  25488.98
4088.61732393828  25537.48
4093.32957090479  25601.43
4098.04181787131  25640.77
4102.75406483782  25788.42
4107.46631180433  25797.22
4112.17855877084  25877.49
4116.89080573736  25719.17
4121.60305270387  25734.2
4126.31529967038  25902.94
4131.02754663689  25997.53
4135.73979360341  25950.43
4140.45204056992  26054.54
4145.16428753643  26130.76
4149.87653450294  26005.72
4154.58878146946  26068.99
4159.30102843597  26252.56
4164.01327540248  26254.47
4168.72552236899  26181.01
4173.43776933551  26281.87
4178.15001630202  26407.12
4182.86226326853  26305.12
4187.57451023504  26311.23
4192.28675720156  26388.32
4196.99900416807  26599.92
4201.71125113458  26589.09
4206.42349810109  26623.18
4211.13574506761  26689.49
4215.84799203412  26641.03
4220.56023900063  26750.06
4225.27248596714  26828.
4229.98473293366  26899.14
4234.69697990017  26965.33
4239.40922686668  26943.51
4244.12147383319  27099.54
4248.83372079971  27138.71
4253.54596776622  27141.21
4258.25821473273  27152.3
4262.97046169924  27128.32
4267.68270866576  27264.6
4272.39495563227  27354.63
4277.10720259878  27290.97
4281.8194495653  27408.61
4286.53169653181  27617.7
4291.24394349832  27521.89
4295.95619046483  27417.07
4300.66843743134  27576.46
4305.38068439786  27621.81
4310.09293136437  27698.8
4314.80517833088  27820.4
4319.5174252974  27721.73
4324.22967226391  27804.78
4328.94191923042  27756.65
4333.65416619693  27829.04
4338.36641316345  27714.85
4343.07866012996  27742.4
4347.79090709647  27928.71
4352.50315406298  28060.4
4357.21540102949  28272.41
4361.92764799601  28146.19
4366.63989496252  28306.75
4371.35214192903  28548.12
4376.06438889554  28433.96
4380.77663586206  28473.6
4385.48888282857  28500.23
4390.20112979508  28588.01
4394.9133767616  28675.95
4399.62562372811  28602.48
4404.33787069462  28783.62
4409.05011766113  28732.28
4413.76236462765  28850.2
4418.47461159416  28895.94
4423.18685856067  28808.85
4427.89910552718  28764.34
4432.6113524937  29069.99
4437.32359946021  28955.5
4442.03584642672  29043.15
4446.74809339323  29133.55
4451.46034035975  29025.25
4456.17258732626  29145.32
4460.88483429277  29268.01
4465.59708125928  29272.5
4470.3093282258  29462.74
4475.02157519231  29541.72
4479.73382215882  29823.01
4484.44606912533  29812.89
4489.15831609184  29585.98
4493.87056305836  29814.84
4498.58281002487  29954.19
4503.29505699138  29998.04
4508.00730395789  29975.44
4512.71955092441  30138.81
4517.43179789092  30055.7
4522.14404485743  29803.21
4526.85629182395  30076.63
4531.56853879046  30232.45
4536.28078575697  30386.02
4540.99303272348  30338.75
4545.70527969  30274.58
4550.41752665651  30365.27
4555.12977362302  30567.75
4559.84202058953  30478.44
4564.55426755605  30587.28
4569.26651452256  30563.44
4573.97876148907  30539.03
4578.69100845558  30701.4
4583.4032554221  30923.41
4588.11550238861  31027.48
4592.82774935512  30940.09
4597.53999632163  30941.31
4602.25224328815  31024.
4606.96449025466  31123.04
4611.67673722117  31201.
4616.38898418768  31188.71
4621.1012311542  31265.85
4625.81347812071  31343.65
4630.52572508722  31393.59
4635.23797205373  31567.15
4639.95021902024  31526.71
4644.66246598676  31492.2
4649.37471295327  31771.26
4654.08695991978  31930.71
4658.7992068863  31829.45
4663.51145385281  31879.87
4668.22370081932  32026.32
4672.93594778583  32059.58
4677.64819475235  32089.4
4682.36044171886  32272.01
4687.07268868537  32415.48
4691.78493565188  32351.28
4696.4971826184  32459.6
4701.20942958491  32623.15
4705.92167655142  32727.85
4710.63392351793  32866.23
4715.34617048445  32802.67
4720.05841745096  32955.06
4724.77066441747  33093.37
4729.48291138398  33081.6
4734.1951583505  33270.71
4738.90740531701  33342.66
4743.61965228352  33339.38
4748.33189925003  33430.69
4753.04414621655  33498.13
4757.75639318306  33565.46
4762.46864014957  33648.85
4767.18088711608  33774.72
4771.8931340826  33931.21
4776.60538104911  33767.96
4781.31762801562  33936.57
4786.02987498213  34011.05
4790.74212194865  34209.48
4795.45436891516  34246.52
4800.16661588167  34411.55
4804.87886284818  34384.93
4809.5911098147  34550.07
4814.30335678121  34543.43
4819.01560374772  34482.91
4823.72785071423  34774.87
4828.44009768075  34823.58
4833.15234464726  34883.17
4837.86459161377  35134.87
4842.57683858028  35186.63
4847.2890855468  35194.05
4852.00133251331  35454.43
4856.71357947982  35310.2
4861.42582644633  35529.64
4866.13807341285  35636.59
4870.85032037936  35967.97
4875.56256734587  36156.22
4880.27481431238  36001.84
4884.9870612789  36102.64
4889.69930824541  36090.93
4894.41155521192  36172.75
4899.12380217843  36400.82
4903.83604914495  36555.12
4908.54829611146  36810.65
4913.26054307797  36866.33
4917.97279004448  36909.43
4922.685037011  36909.89
4927.39728397751  37035.96
4932.10953094402  37289.8
4936.82177791053  37085.32
4941.53402487705  37132.07
4946.24627184356  37362.42
4950.95851881007  37482.73
4955.67076577658  37648.25
4960.3830127431  37845.13
4965.09525970961  37903.41
4969.80750667612  38004.6
4974.51975364263  38262.44
4979.23200060915  38437.98
4983.94424757566  38242.21
4988.65649454217  38188.69
4993.36874150868  38477.95
4998.0809884752  38608.44
5002.79323544171  38473.64
5007.50548240822  38742.96
5012.21772937474  39050.7
5016.92997634125  39083.7
5021.64222330776  39079.61
5026.35447027427  39147.32
5031.06671724079  39210.11
5035.7789642073  39539.48
5040.49121117381  39963.01
5045.20345814032  39807.65
5049.91570510683  39933.52
5054.62795207335  40142.11
5059.34019903986  40369.34
5064.05244600637  40518.77
5068.76469297289  40824.36
5073.4769399394  40923.45
5078.18918690591  40752.39
5082.90143387242  40959.51
5087.61368083894  41287.71
5092.32592780545  41416.75
5097.03817477196  41286.71
5101.75042173847  41231.31
5106.46266870499  41280.32
5111.1749156715  41745.99
5115.88716263801  41701.93
5120.59940960452  42012.06
5125.31165657104  42128.47
5130.02390353755  42064.9
5134.73615050406  41731.47
5139.44839747057  41393.61
5144.16064443708  41668.61
5148.8728914036  42244.64
5153.58513837011  42888.19
5158.29738533662  43087.28
5163.00963230314  43153.18
5167.72187926965  43295.36
5172.43412623616  43334.31
5177.14637320267  43746.63
5181.85862016918  43948.2
5186.5708671357  44152.79
5191.28311410221  44272.55
5195.99536106872  44111.26
5200.70760803524  44349.01
5205.41985500175  44502.89
5210.13210196826  44945.98
5214.84434893477  45103.55
5219.55659590129  45155.77
5224.2688428678  45264.12
5228.98108983431  45370.66
5233.69333680082  45585.36
5238.40558376734  45582.65
5243.11783073385  45904.11
5247.83007770036  46018.35
5252.54232466687  46209.14
5257.25457163339  46206.6
5261.9668185999  46177.66
5266.67906556641  46463.76
5271.39131253292  46558.48
5276.10355949944  46747.6
5280.81580646595  47049.98
5285.52805343246  47382.27
5290.24030039897  47622.52
5294.95254736549  47828.51
5299.664794332  47986.73
5304.37704129851  48263.55
5309.08928826502  48272.92
5313.80153523154  48304.01
5318.51378219805  48640.24
5323.22602916456  49040.75
5327.93827613108  48896.61
5332.65052309759  49111.04
5337.3627700641  49098.1
5342.07501703061  49125.07
5346.78726399712  49463.19
5351.49951096364  49669.95
5356.21175793015  49510.8
5360.92400489666  49449.16
5365.63625186317  50114.33
5370.34849882969  50388.83
5375.0607457962  50197.22
5379.77299276271  50102.7
5384.48523972922  50201.53
5389.19748669574  50432.79
5393.90973366225  50515.32
5398.62198062876  50714.57
5403.33422759527  51123.07
5408.04647456179  51199.29
5412.7587215283  51352.92
5417.47096849481  51215.21
5422.18321546132  51100.31
5426.89546242784  51558.91
5431.60770939435  51979.27
5436.31995636086  52437.04
5441.03220332737  52909.05
5445.74445029389  53075.01
5450.4566972604  53127.82
5455.16894422691  53368.99
5459.88119119343  53665.4
5464.59343815994  53629.54
5469.30568512645  53742.62
5474.01793209296  53879.43
5478.73017905947  53905.66
5483.44242602599  54074.7
5488.1546729925  54158.95
5492.86691995901  54237.33
5497.57916692552  54687.97
5502.29141389204  54594.1
5507.00366085855  54666.02
5511.71590782506  54931.73
5516.42815479158  54792.16
5521.14040175809  55103.84
5525.8526487246  55688.53
5530.56489569111  55864.16
5535.27714265762  56121.48
5539.98938962414  55771.67
5544.70163659065  56020.45
5549.41388355716  56438.07
5554.12613052367  56596.19
5558.83837749019  56762.46
5563.5506244567  56755.74
5568.26287142321  56907.14
5572.97511838973  57651.88
5577.68736535624  57608.09
5582.39961232275  57398.48
5587.11185928926  58342.06
5591.82410625577  58749.34
5596.53635322229  58459.1
5601.2486001888  58482.38
5605.96084715531  58790.6
5610.67309412182  59181.8
5615.38534108834  59601.36
5620.09758805485  59567.31
5624.80983502136  59772.56
5629.52208198788  59863.3
5634.23432895439  60403.76
5638.9465759209  60869.73
5643.65882288741  60923.55
5648.37106985392  61049.4
5653.08331682044  61336.55
5657.79556378695  61150.4
5662.50781075346  60827.92
5667.22005771998  61180.93
5671.93230468649  61131.1
5676.644551653  61129.15
5681.35679861951  61168.52
5686.06904558602  61827.28
5690.78129255254  62343.4
5695.49353951905  62434.24
5700.20578648556  62372.31
5704.91803345208  62792.61
5709.63028041859  63017.11
5714.3425273851  63117.84
5719.05477435161  63197.58
5723.76702131812  63541.05
5728.47926828464  63644.73
5733.19151525115  63740.22
5737.90376221766  64077.45
5742.61600918417  64367.05
5747.32825615069  64560.45
5752.0405031172  64594.91
5756.75275008371  64473.38
5761.46499705023  63908.78
5766.17724401674  64559.23
5770.88949098325  65631.38
5775.60173794976  66433.29
5780.31398491627  66265.15
5785.02623188279  66100.6
5789.7384788493  66711.05
5794.45072581581  66963.66
5799.16297278233  67247.59
5803.87521974884  67534.13
5808.58746671535  67218.2
5813.29971368186  67305.5
5818.01196064838  67021.05
5822.72420761489  65663.8
5827.4364545814  63398.22
5832.14870154791  62928.37
5836.86094851443  65323.05
5841.57319548094  67165.74
5846.28544244745  68326.59
5850.99768941396  68833.52
5855.70993638048  68906.14
5860.42218334699  68861.48
5865.1344303135  69203.
5869.84667728001  69799.15
5874.55892424653  70156.2
5879.27117121304  70189.25
5883.98341817955  70617.43
5888.69566514606  70605.58
5893.40791211258  70770.54
5898.12015907909  70424.56
5902.8324060456  70381.59
5907.54465301211  70779.45
5912.25689997863  70934.83
5916.96914694514  71431.75
5921.68139391165  72109.53
5926.39364087816  72203.87
5931.10588784468  72205.66
5935.81813481119  72228.52
5940.5303817777  72288.6
5945.24262874421  72528.12
5949.95487571073  72680.33
5954.66712267724  73206.38
5959.37936964375  73450.48
5964.09161661026  73407.44
5968.80386357678  73600.84
5973.51611054329  73530.
5978.2283575098  73599.66
5982.94060447631  73723.36
5987.65285144283  73752.2
5992.36509840934  74354.77
5997.07734537585  74716.5
6001.78959234236  74589.98
6006.50183930888  74761.39
6011.21408627539  74629.12
6015.9263332419  74846.6
6020.63858020841  75164.78
6025.35082717493  74954.38
6030.06307414144  75562.81
6034.77532110795  75173.73
6039.48756807446  75380.14
6044.19981504098  75858.42
6048.91206200749  75804.45
6053.624308974  76036.13
6058.33655594051  76321.84
6063.04880290703  76760.01
6067.76104987354  76379.8
6072.47329684005  76433.12
6077.18554380656  76665.4
6081.89779077308  77118.51
6086.61003773959  77528.92
6091.3222847061  77605.06
6096.03453167261  77902.17
6100.74677863913  77634.37
6105.45902560564  77815.34
6110.17127257215  77744.64
6114.88351953866  78243.99
6119.59576650518  78385.5
6124.30801347169  78126.47
6129.0202604382  77051.12
6133.73250740472  73653.03
6138.44475437123  68895.4
6143.15700133774  68837.83
6147.86924830425  72429.32
6152.58149527076  74320.72
6157.29374223728  74239.59
6162.00598920379  74189.68
6166.7182361703  75025.36
6171.43048313681  75938.26
6176.14273010333  76738.98
6180.85497706984  77567.26
6185.56722403635  77956.2
6190.27947100286  78654.41
6194.99171796938  79005.47
6199.70396493589  79270.84
6204.4162119024  79237.85
6209.12845886891  79406.3
6213.84070583543  79663.59
6218.55295280194  79826.55
6223.26519976845  79897.99
6227.97744673496  80210.38
6232.68969370148  80896.22
6237.40194066799  81137.99
6242.1141876345  80719.62
6246.82643460101  80428.77
6251.53868156753  80629.27
6256.25092853404  80853.14
6260.96317550055  81041.15
6265.67542246706  80961.04
6270.38766943358  80532.09
6275.09991640009  80565.63
6279.8121633666  80875.36
6284.52441033311  80794.49
6289.23665729963  80974.55
6293.94890426614  81032.03
6298.66115123265  81733.41
6303.37339819917  82028.25
6308.08564516568  82283.92
6312.79789213219  83269.05
6317.5101390987  83263.22
6322.22238606521  82712.25
6326.93463303173  83145.19
6331.64687999824  83291.23
6336.35912696475  83586.24
6341.07137393126  84075.02
6345.78362089778  83976.43
6350.49586786429  83572.37
6355.2081148308  83344.3
6359.92036179731  83595.11
6364.63260876383  83987.59
6369.34485573034  84383.02
6374.05710269685  84490.24
6378.76934966337  84572.53
6383.48159662988  84668.15
6388.19384359639  84749.91
6392.9060905629  84326.3
6397.61833752942  84447.63
6402.33058449593  84708.38
6407.04283146244  84713.02
6411.75507842895  84306.45
6416.46732539546  84715.59
6421.17957236198  84682.91
6425.89181932849  84372.01
6430.604066295  83354.23
6435.31631326152  81777.85
6440.02856022803  80989.96
6444.74080719454  80114.63
6449.45305416105  78833.34
6454.16530112757  77747.05
6458.87754809408  78022.33
6463.58979506059  78468.45
6468.3020420271  78622.73
6473.01428899362  79614.14
6477.72653596013  81526.66
6482.43878292664  83268.7
6487.15102989315  83549.52
6491.86327685967  83403.88
6496.57552382618  82602.55
6501.28777079269  81010.52
6506.0000177592  80322.05
6510.71226472572  80947.09
6515.42451169223  81536.67
6520.13675865874  81445.4
6524.84900562525  81844.31
6529.56125259176  82074.3
6534.27349955828  82607.15
6538.98574652479  82541.5
6543.6979934913  81696.23
6548.41024045782  82323.5
6553.12248742433  82415.54
6557.83473439084  81507.27
6562.54698135735  82686.09
6567.25922832387  83530.84
6571.97147529038  83455.71
6576.68372225689  83522.17
6581.3959692234  83953.67
6586.10821618992  84545.92
6590.82046315643  84933.85
6595.53271012294  85019.32
6600.24495708945  85617.17
6604.95720405597  85958.34
6609.66945102248  86091.6
6614.38169798899  86073.21
6619.0939449555  85336.51
6623.80619192202  85059.41
6628.51843888853  84895.46
6633.23068585504  85211.17
6637.94293282156  85561.64
6642.65517978807  85450.73
6647.36742675458  85044.77
6652.07967372109  84432.05
6656.7919206876  83822.69
6661.50416765412  84610.13
6666.21641462063  84519.25
6670.92866158714  84256.49
6675.64090855365  83964.76
6680.35315552017  83562.43
6685.06540248668  83522.59
6689.77764945319  83829.98
6694.4898964197  84234.11
6699.20214338622  84668.73
6703.91439035273  84373.83
6708.62663731924  84185.08
6713.33888428575  83967.43
6718.05113125227  83853.22
6722.76337821878  84143.06
6727.47562518529  84107.69
6732.1878721518  83861.62
6736.90011911832  84286.52
6741.61236608483  83980.96
6746.32461305134  83933.47
6751.03686001785  84133.98
6755.74910698437  83838.45
6760.46135395088  83068.3
6765.17360091739  83181.29
6769.8858478839  83411.62
6774.59809485042  82969.51
6779.31034181693  83088.15
6784.02258878344  83251.26
6788.73483574995  83233.32
6793.44708271647  83319.98
6798.15932968298  83394.09
6802.87157664949  83440.13
6807.583823616  83637.93
6812.29607058252  83398.24
6817.00831754903  82990.23
6821.72056451554  82861.43
6826.43281148205  83111.67
6831.14505844857  79980.02
