# Tue 23:31:07 26-Apr-2016
begin	identify H2Spectrafinal[*,255]
	id	H2Spectrafinal
	task	identify
	image	H2Spectrafinal[*,255]
	units	Angstroms
	features	21
	         40.50 7032.06181  7032.4127   4.0 1 1 NeI(1)
	         64.39 6929.89587   6929.468   4.0 1 1 NeI(6)
	        113.76 6717.63243  6717.0428   4.0 1 1 NeI
	        122.83 6678.54425     6678.2   4.0 1 1 blend HeI 6678.149 with NeI 6678.2764
	        141.35 6598.70769  6598.9529   4.0 1 1 NeI(6)
	        149.31 6564.40808      6563.   4.0 1 0 Ha
	        156.71 6532.50809  6532.8824   4.0 1 1 NeI
	        162.90  6505.8428  6506.5279   4.0 1 1 NeI(3)
	        187.22  6401.2057   6402.246   4.0 1 1 NeI(1)
	        202.83 6334.19266  6334.4279   4.0 1 1 NeI(1)
	        218.58 6266.65466   6266.495   4.0 1 1 NeI(5)
	        229.88 6218.19241  6217.2813   4.0 1 1 NeI(1)
	        247.28 6143.46694  6143.0623   4.0 1 1 NeI(1)
	        258.12 6096.78199   6096.163   4.0 1 1 NeI
	        263.11 6075.29709  6074.3377   4.0 1 1 NeI(3)
	        293.34 5944.15814  5944.8342   4.0 1 1 NeI(1)
	        307.92 5880.32911      5881.   4.0 1 1 
	        314.32 5852.16145  5852.4878   4.0 1 1 NeI(6)
	        400.43 5460.93905    5460.75   4.0 1 1 Hg
	        543.70 4860.99976      4861.   4.0 1 1 Hb
	        749.27   4358.327   4358.327   4.0 1 1 Hg
	function spline3
	order 4
	sample *
	naverage 1
	niterate 10
	low_reject 2.
	high_reject 2.
	grow 0.
	coefficients	11
		3.
		4.
		1.
		765.
		1331.563224612701
		1201.325854708806
		1062.857410518416
		927.9165921046493
		767.7142511121296
		779.3302955525021
		387.1912224971461

