# Tue 23:28:18 26-Apr-2016
begin	identify HgSpectra1[*,255]
	id	HgSpectra1
	task	identify
	image	HgSpectra1[*,255]
	units	Angstroms
	features	19
	         40.50 7031.25104  7032.4127   4.0 1 1 NeI(1)
	         64.39 6929.88779   6929.468   4.0 1 1 NeI(6)
	        113.76 6718.36128  6717.0428   4.0 1 1 NeI
	        122.83 6679.28603     6678.2   4.0 1 1 blend HeI 6678.149 with NeI 6678.2764
	        141.35 6599.36921  6598.9529   4.0 1 1 NeI(6)
	        156.71 6533.00089  6532.8824   4.0 1 1 NeI
	        162.90 6506.24297  6506.5279   4.0 1 1 NeI(3)
	        187.22 6401.11475   6402.246   4.0 1 1 NeI(1)
	        202.83 6333.69537  6334.4279   4.0 1 1 NeI(1)
	        218.58 6265.77171   6266.495   4.0 1 1 NeI(5)
	        229.88 6217.12709  6217.2813   4.0 1 1 NeI(1)
	        247.28  6142.4105  6143.0623   4.0 1 1 NeI(1)
	        258.12 6095.98276   6096.163   4.0 1 1 NeI
	        263.11 6074.69679  6074.3377   4.0 1 1 NeI(3)
	        293.34  5946.1558  5944.8342   4.0 1 1 NeI(1)
	        307.92 5884.63171      5881.   4.0 1 0 
	        314.32 5857.73403  5852.4878   4.0 1 0 NeI(6)
	        400.43 5503.96063    5460.75   4.0 1 1 Hg
	        749.27  4358.3071   4358.327   4.0 1 1 Hg
	function spline3
	order 1
	sample *
	naverage 1
	niterate 10
	low_reject 2.
	high_reject 2.
	grow 0.
	coefficients	8
		3.
		1.
		1.
		765.
		1664.270745004522
		1231.718040795332
		605.7232273462828
		668.020293445208

