# Tue 22:54:46 26-Apr-2016
begin	identify NeSpectraFinal[*,255]
	id	NeSpectraFinal
	task	identify
	image	NeSpectraFinal[*,255]
	units	Angstroms
	features	15
	         40.50 7032.34106  7032.4127   4.0 1 1 NeI(1)
	         64.39 6929.49238   6929.468   4.0 1 1 NeI(6)
	        113.76 6717.28869  6717.0428   4.0 1 1 NeI
	        122.83 6678.34563     6678.2   4.0 1 1 blend HeI 6678.149 with NeI 6678.2764
	        141.35 6598.83593  6598.9529   4.0 1 1 NeI(6)
	        156.71 6532.85844  6532.8824   4.0 1 1 NeI
	        162.90 6506.27998  6506.5279   4.0 1 1 NeI(3)
	        187.22 6401.77824   6402.246   4.0 1 1 NeI(1)
	        202.83 6334.64362  6334.4279   4.0 1 1 NeI(1)
	        218.58 6266.81842   6266.495   4.0 1 1 NeI(5)
	        229.88 6218.16752  6217.2813   4.0 1 0 NeI(1)
	        247.28 6143.13449  6143.0623   4.0 1 1 NeI(1)
	        293.34 5943.87667  5944.8342   4.0 1 0 NeI(1)
	        307.92 5880.60479      5881.   4.0 1 1 
	        314.32 5852.78402  5852.4878   4.0 1 1 NeI(6)
	function spline3
	order 1
	sample *
	naverage 1
	niterate 10
	low_reject 2.
	high_reject 2.
	grow 0.
	coefficients	8
		3.
		1.
		1.
		765.
		1765.406446473297
		1193.27005913241
		664.3239484112731
		-70.20338026829454

# Tue 23:24:28 26-Apr-2016
begin	identify NeSpectraFinal[*,255]
	id	NeSpectraFinal
	task	identify
	image	NeSpectraFinal[*,255]
	units	Angstroms
	features	17
	         40.50 7032.34106  7032.4127   4.0 1 1 NeI(1)
	         64.39 6929.49238   6929.468   4.0 1 1 NeI(6)
	        113.76 6717.28869  6717.0428   4.0 1 1 NeI
	        122.83 6678.34563     6678.2   4.0 1 1 blend HeI 6678.149 with NeI 6678.2764
	        141.35 6598.83593  6598.9529   4.0 1 1 NeI(6)
	        156.71 6532.85844  6532.8824   4.0 1 1 NeI
	        162.90 6506.27998  6506.5279   4.0 1 1 NeI(3)
	        187.22 6401.77824   6402.246   4.0 1 1 NeI(1)
	        202.83 6334.64362  6334.4279   4.0 1 1 NeI(1)
	        218.58 6266.81842   6266.495   4.0 1 1 NeI(5)
	        229.88 6218.16752  6217.2813   4.0 1 0 NeI(1)
	        247.28 6143.13449  6143.0623   4.0 1 1 NeI(1)
	        258.12 6096.29448   6096.163   4.0 1 1 NeI
	        263.11 6074.76871  6074.3377   4.0 1 1 NeI(3)
	        293.34 5943.87667  5944.8342   4.0 1 0 NeI(1)
	        307.92 5880.60479      5881.   4.0 1 1 
	        314.32 5852.78402  5852.4878   4.0 1 1 NeI(6)
	function spline3
	order 1
	sample *
	naverage 1
	niterate 10
	low_reject 2.
	high_reject 2.
	grow 0.
	coefficients	8
		3.
		1.
		1.
		765.
		1765.406446473299
		1193.270059132411
		664.323948411274
		-70.20338026829463

